343 1	31
343 3	25
155 1	20
309 3	23
309 2	27
309 1	27
174 1	29
117 1	16
117 2	21
117 3	30
162 1	30
162 2	25
162 3	34
145 1	23
183 2	27
145 3	29
145 2	21
469 1	29
315 1	14
315 2	30
315 3	26
339 2	26
339 3	30
455 1	20
339 1	24
422 1	21
422 3	38
374 3	41
430 1	21
430 2	26
430 3	23
159 2	27
159 3	34
159 1	18
219 1	32
340 3	26
219 3	31
219 2	21
296 2	36
164 1	22
260 1	26
296 3	33
260 3	35
260 2	21
312 3	25
377 1	22
143 1	21
382 2	25
312 2	36
125 3	34
125 2	25
125 1	23
174 3	39
241 2	21
241 3	25
491 1	21
174 2	29
472 2	33
472 3	25
472 1	26
134 1	14
499 3	26
134 3	29
134 2	31
417 1	18
417 3	30
417 2	25
255 1	18
276 1	22
255 3	30
255 2	20
499 1	15
206 1	20
477 2	16
206 3	26
206 2	29
490 2	17
236 1	24
236 2	22
236 3	26
183 3	31
244 1	25
369 1	23
439 1	25
369 3	25
369 2	23
421 2	19
183 1	26
421 1	28
184 1	30
184 2	24
184 3	33
146 2	25
146 3	18
334 1	25
146 1	20
396 3	33
396 2	23
396 1	27
439 2	28
482 2	19
109 1	31
289 2	30
289 3	26
289 1	18
375 2	27
333 1	18
333 2	37
333 3	40
388 2	20
150 1	25
388 1	19
302 3	30
189 1	28
189 3	37
189 2	27
429 2	20
485 1	19
485 2	19
485 3	35
492 1	26
477 3	34
399 1	27
256 2	28
256 3	27
256 1	26
246 1	32
441 1	25
246 3	27
246 2	19
464 3	28
442 1	23
300 1	22
488 3	23
464 2	25
462 1	24
448 3	30
488 2	31
318 1	18
356 2	22
318 3	25
318 2	33
118 3	36
118 2	29
118 1	24
484 2	17
414 2	27
414 3	28
414 1	29
112 1	15
468 2	27
112 3	33
112 2	28
177 2	26
177 3	37
177 1	20
205 2	31
205 3	42
233 3	32
205 1	21
492 2	22
270 3	19
399 3	32
411 2	23
411 1	15
494 2	26
327 3	33
444 1	30
336 1	23
444 2	22
455 2	25
425 2	30
451 3	29
447 3	38
483 1	24
283 1	17
283 2	29
283 3	34
422 2	28
196 1	18
367 2	25
196 3	34
196 2	32
387 1	23
387 3	28
387 2	27
480 1	26
480 3	25
480 2	19
195 2	22
195 3	32
336 3	36
195 1	29
293 3	33
293 2	33
293 1	22
263 2	28
263 3	33
244 2	20
230 2	25
230 3	27
230 1	21
217 3	26
217 2	23
217 1	22
425 3	31
351 1	15
351 2	36
351 3	21
208 3	21
208 2	21
208 1	27
169 3	29
169 2	29
169 1	25
425 1	30
336 2	21
378 2	30
378 1	17
172 3	26
172 2	28
172 1	24
463 1	23
303 1	24
153 1	20
153 2	21
153 3	34
178 1	14
143 2	26
178 3	31
178 2	20
404 1	27
454 1	25
300 2	26
300 3	26
399 2	28
179 1	16
424 3	29
424 2	17
424 1	17
462 2	18
483 2	18
483 3	25
179 3	27
286 1	20
286 3	24
286 2	31
498 2	27
405 3	30
481 2	25
463 3	27
137 2	24
137 3	28
137 1	22
498 1	20
321 1	28
321 3	24
321 2	21
190 3	32
190 2	25
190 1	24
296 1	22
391 1	18
405 1	22
405 2	26
182 3	22
121 3	36
100 1	22
121 1	20
100 3	28
144 3	32
226 3	32
226 2	29
226 1	27
245 1	24
457 3	29
167 1	19
391 2	25
108 1	20
461 2	29
349 3	31
461 1	15
167 3	33
434 2	24
434 3	32
477 1	17
167 2	20
349 1	17
467 1	25
305 3	27
305 2	27
305 1	14
372 1	29
372 3	30
372 2	30
360 1	21
360 2	26
360 3	37
392 3	31
392 2	26
392 1	27
489 1	22
149 1	15
149 3	43
149 2	33
489 2	24
400 1	20
160 2	36
400 3	19
400 2	21
130 1	16
130 3	39
130 2	33
251 1	28
272 1	22
251 3	29
251 2	24
221 1	20
221 2	21
185 2	29
202 1	31
202 3	25
202 2	34
111 2	25
111 3	38
111 1	29
322 2	26
322 3	27
322 1	22
241 1	19
347 1	21
337 2	26
347 3	35
347 2	21
105 1	26
126 1	16
105 3	25
126 3	28
377 2	26
489 3	25
156 1	23
327 2	22
156 3	23
156 2	32
166 1	22
166 2	22
166 3	33
403 2	19
210 1	18
210 2	21
210 3	24
121 2	38
299 1	20
299 3	29
299 2	35
371 2	29
100 2	15
348 3	30
431 1	20
497 1	24
431 3	33
431 2	27
366 1	17
266 3	27
266 2	28
266 1	19
348 1	26
497 3	32
384 2	31
384 3	30
384 1	23
455 3	29
285 2	20
285 3	41
285 1	21
278 2	32
278 3	37
401 1	27
278 1	29
245 2	22
395 2	23
395 3	19
245 3	25
460 2	17
448 1	16
247 3	33
495 3	17
276 2	40
442 2	20
106 2	28
106 3	37
106 1	35
116 1	27
311 1	30
116 3	25
116 2	35
201 2	23
201 3	34
237 3	32
201 1	22
490 1	22
328 1	23
328 2	27
328 3	38
482 3	37
344 2	23
344 3	35
344 1	26
338 3	43
338 2	25
338 1	25
418 1	16
155 2	21
155 3	27
163 3	24
163 2	29
180 1	19
180 2	23
180 3	37
341 3	29
341 2	27
341 1	21
376 2	30
469 2	25
314 1	30
314 3	31
314 2	17
383 1	27
403 3	29
383 3	29
383 2	23
496 3	36
484 1	27
484 3	27
261 1	22
240 3	29
143 3	39
240 1	22
492 3	25
473 3	32
473 2	24
473 1	26
297 3	31
297 2	27
297 1	18
277 1	14
277 3	32
277 2	16
252 2	28
252 3	37
458 1	31
252 1	26
471 2	20
133 2	24
133 3	25
133 1	26
185 1	27
160 3	35
185 3	28
160 1	26
147 3	21
147 2	28
147 1	19
337 3	40
158 3	24
158 2	30
158 1	23
317 2	24
317 3	31
302 1	26
317 1	21
288 3	26
288 2	22
288 1	21
420 3	27
420 2	27
420 1	27
421 3	29
432 2	37
432 3	33
432 1	17
302 2	26
269 1	19
269 2	23
269 3	25
186 2	26
186 3	28
332 3	38
186 1	24
389 3	31
389 2	21
389 1	18
334 3	29
474 2	28
474 3	41
334 2	20
332 1	19
461 3	31
415 3	20
415 2	23
415 1	19
374 2	28
257 3	29
257 2	30
257 1	27
440 1	27
374 1	23
440 3	27
440 2	27
204 3	31
204 2	22
204 1	30
332 2	21
234 2	29
234 3	23
234 1	27
120 2	34
494 1	23
479 1	29
355 1	26
355 2	28
120 3	31
409 1	30
409 2	36
409 3	26
443 2	38
443 3	32
443 1	22
490 3	26
115 2	26
176 2	28
176 1	25
115 1	20
398 1	26
398 3	33
398 2	18
331 2	28
331 3	28
331 1	22
364 1	24
364 2	29
364 3	37
416 3	34
487 2	27
487 3	37
122 3	25
487 1	25
199 2	31
199 3	33
479 2	24
199 1	18
282 1	26
282 3	25
282 2	20
290 1	24
290 2	27
290 3	32
262 3	31
262 2	22
262 1	18
474 1	26
449 3	27
380 2	35
380 3	38
114 2	12
350 1	23
350 3	30
350 2	26
114 1	28
375 3	30
412 1	18
412 2	27
412 3	32
101 1	15
122 1	16
101 3	27
101 2	24
171 1	27
171 2	18
171 3	34
152 1	25
152 3	35
152 2	20
231 3	26
231 2	24
231 1	26
418 2	17
466 1	29
214 1	38
214 2	25
214 3	30
476 1	21
446 3	36
446 2	18
446 1	28
326 3	23
427 2	30
427 3	32
465 2	24
465 3	33
465 1	22
353 2	26
140 1	20
140 2	25
140 3	34
243 2	19
373 1	23
462 3	27
243 3	32
281 2	36
281 3	27
281 1	21
361 1	26
361 3	39
361 2	20
194 3	21
194 2	34
194 1	27
391 3	28
136 3	29
136 2	28
136 1	24
303 3	26
452 2	17
274 2	20
274 3	26
482 1	16
274 1	17
488 1	28
193 1	10
193 2	22
193 3	34
128 2	27
128 3	39
404 3	40
128 1	26
265 1	16
265 2	24
265 3	31
402 1	21
303 2	22
244 3	32
225 1	25
225 2	30
225 3	35
456 1	14
426 3	32
426 2	27
438 1	30
438 2	21
438 3	26
151 2	25
151 3	27
108 2	20
108 3	29
272 2	28
272 3	38
348 2	19
306 1	33
306 2	23
306 3	29
464 1	25
460 3	29
270 2	30
460 1	22
435 1	27
435 3	24
435 2	26
221 3	29
456 3	26
453 1	30
249 2	31
249 3	35
249 1	29
273 1	22
273 3	34
273 2	28
110 3	32
110 2	26
110 1	20
323 3	44
323 2	17
323 1	29
397 3	17
355 3	30
407 2	22
407 3	31
449 2	24
407 1	23
127 1	28
127 3	31
127 2	28
102 2	19
102 3	30
102 1	23
220 1	12
243 1	22
220 3	24
220 2	22
211 1	30
337 1	26
211 3	31
211 2	31
481 1	24
436 2	21
436 3	21
436 1	17
385 3	30
385 2	22
385 1	25
370 3	26
370 2	27
370 1	32
362 2	26
362 3	22
394 3	31
362 1	26
176 3	26
411 3	43
371 3	24
115 3	31
429 1	23
458 3	34
139 1	22
139 2	36
139 3	34
284 3	24
284 2	27
284 1	34
279 3	28
126 2	20
279 1	18
457 1	24
223 2	34
223 3	33
105 2	23
200 3	23
200 2	21
200 1	22
259 2	16
324 1	22
324 2	29
324 3	33
345 3	45
345 2	26
345 1	27
107 3	36
107 2	23
107 1	14
238 1	29
310 1	27
429 3	36
310 3	36
310 2	22
154 3	37
154 2	32
154 1	31
181 1	27
164 3	28
181 3	45
181 2	27
212 2	25
212 3	22
229 2	27
212 1	26
329 1	25
327 1	26
329 3	26
329 2	22
359 1	28
359 2	19
359 3	35
313 2	17
313 3	26
313 1	17
419 3	34
419 2	32
419 1	23
457 2	30
497 2	36
394 1	24
478 1	26
268 1	31
468 1	23
268 3	39
268 2	33
402 3	28
394 2	29
294 1	24
294 2	17
294 3	26
365 2	21
478 2	35
403 1	22
239 2	18
493 1	26
493 3	34
493 2	30
239 1	23
470 2	28
470 3	27
233 1	29
132 3	30
132 2	24
132 1	13
386 1	25
253 3	32
253 2	29
253 1	24
270 1	20
413 1	26
233 2	24
408 1	16
342 1	27
342 2	29
342 3	32
308 2	28
308 3	22
308 1	26
454 2	28
454 3	27
413 2	23
423 1	24
423 2	29
423 3	28
161 3	23
161 2	24
161 1	20
182 2	34
144 1	25
144 2	28
182 1	31
343 2	33
218 1	32
218 2	28
218 3	31
459 1	18
316 3	26
316 2	21
316 1	12
371 1	22
187 3	39
187 2	31
187 1	18
377 3	35
335 2	26
335 3	30
335 1	24
433 3	25
433 2	30
433 1	27
453 2	30
496 1	18
475 1	26
228 1	25
475 3	30
475 2	26
496 2	26
453 3	28
291 1	22
442 3	41
291 3	25
291 2	20
228 3	33
261 2	36
261 3	23
301 3	40
254 1	30
254 2	33
254 3	29
491 2	26
247 2	21
124 2	25
124 3	30
124 1	31
444 3	40
151 1	29
354 1	30
498 3	26
354 3	30
354 2	25
135 1	31
135 2	24
135 3	26
416 1	25
301 2	24
279 2	31
467 2	42
114 3	32
175 1	28
175 2	23
175 3	25
476 2	26
207 1	18
207 2	19
207 3	26
235 3	33
235 2	35
235 1	18
426 1	28
368 1	19
368 2	29
368 3	21
301 1	29
311 2	25
223 1	26
188 1	19
188 2	29
188 3	19
397 2	34
259 1	19
397 1	24
452 1	37
198 3	30
198 2	21
198 1	25
259 3	29
330 3	38
330 2	26
330 1	22
452 3	33
365 1	26
365 3	28
357 3	29
381 3	24
381 2	22
381 1	16
500 1	18
357 1	33
486 3	23
486 2	24
486 1	30
119 2	21
119 3	35
413 3	31
119 1	22
123 1	19
459 2	25
123 3	26
123 2	29
470 1	20
224 1	24
247 1	24
224 3	32
224 2	21
232 1	22
232 2	18
232 3	25
215 1	30
215 3	32
215 2	25
357 2	14
319 1	14
319 2	28
319 3	28
445 1	23
445 2	23
326 1	27
170 1	16
113 1	23
113 2	32
113 3	20
141 1	24
340 1	18
141 3	31
141 2	30
209 2	16
209 3	26
209 1	27
410 2	24
410 3	33
380 1	29
170 3	29
170 2	28
366 2	25
197 1	30
197 2	24
197 3	29
500 2	19
275 3	30
238 2	27
275 1	28
481 3	30
390 2	12
238 3	28
416 2	21
449 1	29
280 3	25
280 2	22
280 1	31
264 1	35
292 3	31
264 3	24
264 2	19
356 3	33
352 2	18
367 3	31
386 2	26
386 3	24
352 1	13
390 1	28
500 3	26
459 3	26
367 1	28
192 1	24
404 2	20
192 3	25
192 2	17
129 3	26
129 2	29
129 1	26
173 2	26
173 3	30
439 3	27
173 1	18
150 3	35
150 2	20
109 3	30
109 2	18
458 2	21
216 2	24
216 3	32
382 1	22
216 1	30
122 2	27
168 2	27
168 3	33
240 2	22
168 1	26
379 2	23
379 3	26
408 3	37
379 1	20
356 1	23
388 3	35
463 2	24
410 1	26
142 2	24
142 3	31
179 2	22
142 1	29
390 3	29
495 2	23
469 3	24
495 1	17
229 1	16
307 1	23
349 2	26
307 3	39
307 2	27
408 2	28
229 3	25
382 3	38
395 1	24
138 1	18
138 3	33
138 2	22
191 2	27
191 3	28
191 1	18
406 3	34
406 2	38
406 1	28
448 2	20
248 3	28
248 2	23
248 1	29
445 3	23
366 3	39
242 1	30
242 3	33
242 2	23
227 2	24
227 3	33
227 1	19
311 3	30
320 1	20
320 2	26
320 3	26
491 3	28
499 2	25
466 3	43
451 2	13
466 2	29
103 3	36
103 2	17
103 1	29
120 1	22
358 1	26
237 1	21
358 3	22
358 2	17
468 3	23
258 1	25
304 2	24
304 3	27
304 1	24
258 2	16
373 2	25
373 3	31
478 3	27
237 2	16
437 3	29
437 2	16
437 1	19
148 1	28
148 2	18
148 3	32
275 2	18
434 1	23
352 3	31
479 3	18
376 3	31
287 1	23
287 2	23
287 3	40
363 3	27
363 2	27
363 1	24
263 1	23
393 2	20
393 3	33
393 1	28
325 1	26
325 3	38
325 2	30
292 1	35
401 2	20
401 3	28
131 1	19
131 2	20
131 3	30
239 3	28
104 1	32
104 2	20
104 3	27
428 3	27
428 2	26
428 1	27
222 3	24
222 2	24
222 1	27
258 3	40
203 1	21
203 2	19
203 3	40
213 3	28
213 2	28
213 1	27
228 2	29
375 1	20
427 1	17
467 3	33
346 1	24
346 2	20
346 3	22
340 2	18
450 2	20
450 3	30
450 1	25
326 2	18
157 1	16
157 2	32
157 3	35
165 3	35
165 2	31
165 1	29
271 2	27
441 2	26
292 2	32
476 3	28
271 1	22
418 3	28
376 1	26
298 1	17
298 2	24
298 3	24
456 2	24
451 1	26
276 3	28
353 3	32
267 2	28
267 3	32
267 1	19
441 3	27
447 2	26
353 1	25
471 1	22
494 3	29
471 3	23
164 2	38
402 2	26
295 1	23
295 3	39
295 2	28
163 1	22
447 1	29
271 3	35
250 1	30
250 2	28
250 3	28
378 3	27
312 1	23
